acc = 0.9975937183383992
acc_and_f1 = 0.8145863328534101
hamming_loss = 0.0024062816616008107
micro-f1 = 0.631578947368421
precision = 0.6589595375722543
recall = 0.6063829787234043
