acc = 0.9978409803637767
acc_and_f1 = 0.831003041776635
hamming_loss = 0.0021590196362232836
micro-f1 = 0.6641651031894934
precision = 0.7051792828685259
recall = 0.6276595744680851
