acc = 0.9975756259950789
acc_and_f1 = 0.8140451659387159
hamming_loss = 0.0024243740049211173
micro-f1 = 0.6305147058823529
precision = 0.6545801526717557
recall = 0.6081560283687943
