acc = 0.9975876875572924
acc_and_f1 = 0.81152792617565
hamming_loss = 0.0024123124427075796
micro-f1 = 0.6254681647940075
precision = 0.6626984126984127
recall = 0.5921985815602837
