acc = 0.9977746417716022
acc_and_f1 = 0.8282120202382526
hamming_loss = 0.002225358228397742
micro-f1 = 0.6586493987049029
precision = 0.688588007736944
recall = 0.6312056737588653
