acc = 0.9981882787479253
acc_and_f1 = 0.8602052504850737
hamming_loss = 0.001811721252074713
micro-f1 = 0.7222222222222222
precision = 0.7546816479400749
recall = 0.6924398625429553
