acc = 0.9982700984173738
acc_and_f1 = 0.8665185617534898
hamming_loss = 0.0017299015826261776
micro-f1 = 0.7347670250896058
precision = 0.7677902621722846
recall = 0.7044673539518901
