acc = 0.9981064590784767
acc_and_f1 = 0.8533697763018283
hamming_loss = 0.0018935409215232485
micro-f1 = 0.7086330935251799
precision = 0.7433962264150943
recall = 0.6769759450171822
