acc = 0.9980187951469247
acc_and_f1 = 0.8496701905250041
hamming_loss = 0.001981204853075251
micro-f1 = 0.7013215859030837
precision = 0.7197106690777577
recall = 0.6838487972508591
