acc = 0.9981824344858218
acc_and_f1 = 0.8608689950206887
hamming_loss = 0.0018175655141781798
micro-f1 = 0.7235555555555555
precision = 0.7495395948434622
recall = 0.6993127147766323
