acc = 0.9978247008963732
acc_and_f1 = 0.8751570161665365
hamming_loss = 0.0021752991036267486
micro-f1 = 0.7524893314366998
precision = 0.7535612535612536
recall = 0.7514204545454546
