acc = 0.9979184637887709
acc_and_f1 = 0.8789159730623739
hamming_loss = 0.002081536211229044
micro-f1 = 0.7599134823359769
precision = 0.7715959004392386
recall = 0.7485795454545454
