acc = 0.9979309655077573
acc_and_f1 = 0.8829879074210125
hamming_loss = 0.0020690344922426832
micro-f1 = 0.7680448493342676
precision = 0.7579529737206085
recall = 0.7784090909090909
