acc = 0.9978184500368801
acc_and_f1 = 0.8718152701750315
hamming_loss = 0.002181549963119929
micro-f1 = 0.7458120903131829
precision = 0.7653213751868461
recall = 0.7272727272727273
