acc = 0.9977746940204278
acc_and_f1 = 0.871013783791823
hamming_loss = 0.002225305979572191
micro-f1 = 0.7442528735632183
precision = 0.752906976744186
recall = 0.7357954545454546
