acc = 0.9968572855170793
acc_and_f1 = 0.8446930105746315
hamming_loss = 0.0031427144829206683
micro-f1 = 0.6925287356321839
precision = 0.7314112291350531
recall = 0.6575716234652115
