acc = 0.9966663729550328
acc_and_f1 = 0.8323975139628965
hamming_loss = 0.0033336270449672513
micro-f1 = 0.6681286549707602
precision = 0.7196850393700788
recall = 0.6234652114597544
