acc = 0.9970995976150615
acc_and_f1 = 0.856565614767272
hamming_loss = 0.0029004023849384672
micro-f1 = 0.7160316319194824
precision = 0.756838905775076
recall = 0.679399727148704
