acc = 0.9965268599289218
acc_and_f1 = 0.8272583685038679
hamming_loss = 0.0034731400710782154
micro-f1 = 0.6579898770788142
precision = 0.7
recall = 0.6207366984993179
