acc = 0.9966370017916409
acc_and_f1 = 0.8338070066429469
hamming_loss = 0.003362998208359033
micro-f1 = 0.6709770114942529
precision = 0.708649468892261
recall = 0.6371077762619373
