acc = 0.9969674273797985
acc_and_f1 = 0.8498156071384233
hamming_loss = 0.0030325726202014864
micro-f1 = 0.7026637868970482
precision = 0.7439024390243902
recall = 0.6657571623465212
