acc = 0.9976919339164237
acc_and_f1 = 0.8192618459752251
hamming_loss = 0.0023080660835762875
micro-f1 = 0.6408317580340265
precision = 0.6807228915662651
recall = 0.6053571428571428
