acc = 0.9977405247813411
acc_and_f1 = 0.8256859048487711
hamming_loss = 0.002259475218658892
micro-f1 = 0.6536312849162011
precision = 0.6828793774319066
recall = 0.6267857142857143
