acc = 0.9975157920310982
acc_and_f1 = 0.8063778395715228
hamming_loss = 0.0024842079689018463
micro-f1 = 0.6152398871119473
precision = 0.6500994035785288
recall = 0.5839285714285715
