acc = 0.9976737123420797
acc_and_f1 = 0.8216860698620667
hamming_loss = 0.002326287657920311
micro-f1 = 0.6456984273820536
precision = 0.6698656429942419
recall = 0.6232142857142857
