acc = 0.9976251214771623
acc_and_f1 = 0.8166131199184508
hamming_loss = 0.0023748785228377067
micro-f1 = 0.6356011183597391
precision = 0.6647173489278753
recall = 0.6089285714285714
